8533.0000 360.0000 1.4078 0 
9464.0000 360.0000 1.4847 1 
8998.5000 360.0000 1.4847 2 
9866.0000 420.0000 3.1954 0 
8359.0000 420.0000 1.6020 1 
8442.7227 420.0000 3.1294 2 
8526.4443 420.0000 3.1429 2 
8610.1670 420.0000 3.1856 2 
8693.8887 420.0000 3.2137 2 
8777.6113 420.0000 3.2234 2 
8861.3330 420.0000 3.2320 2 
8945.0557 420.0000 3.2564 2 
9028.7773 420.0000 3.2869 2 
9112.5000 420.0000 3.3028 2 
9196.2227 420.0000 3.3394 2 
9279.9443 420.0000 3.3468 2 
9363.6670 420.0000 3.3663 2 
9447.3887 420.0000 3.3858 2 
9531.1113 420.0000 3.3968 2 
9614.8330 420.0000 1.7936 2 
9698.5557 420.0000 1.5324 2 
9782.2773 420.0000 1.5214 2 
4518.0000 420.0000 1.5250 0 
4370.0000 420.0000 1.7021 1 
4155.0000 420.0000 3.4921 0 
3849.0000 420.0000 3.4505 1 
3951.0000 420.0000 3.4567 2 
4053.0000 420.0000 3.4505 2 
3272.0000 480.0000 3.1673 0 
4731.0000 480.0000 1.4689 1 
3353.0557 480.0000 3.1990 2 
3434.1111 480.0000 3.2149 2 
3515.1667 480.0000 3.2381 2 
3596.2222 480.0000 3.2882 2 
3677.2778 480.0000 3.3236 2 
3758.3333 480.0000 3.3663 2 
3839.3889 480.0000 3.4005 2 
3920.4443 480.0000 3.4103 2 
4001.5000 480.0000 3.3980 2 
4082.5557 480.0000 3.3797 2 
4163.6113 480.0000 3.3321 2 
4244.6665 480.0000 3.2759 2 
4325.7222 480.0000 3.2442 2 
4406.7778 480.0000 3.2186 2 
4487.8335 480.0000 3.2210 2 
4568.8887 480.0000 3.2650 2 
4649.9443 480.0000 2.0305 2 
8222.0000 480.0000 3.0598 0 
10029.0000 480.0000 3.0000 1 
8317.1055 480.0000 3.3309 2 
8412.2109 480.0000 3.3504 2 
8507.3154 480.0000 3.3968 2 
8602.4209 480.0000 3.4518 2 
8697.5264 480.0000 3.5458 2 
8792.6318 480.0000 3.5726 2 
8887.7373 480.0000 2.9536 2 
8982.8418 480.0000 2.6679 2 
9077.9473 480.0000 2.6520 2 
9173.0527 480.0000 2.6728 2 
9268.1582 480.0000 2.6374 2 
9363.2627 480.0000 2.5897 2 
9458.3682 480.0000 2.5494 2 
9553.4736 480.0000 2.4444 2 
9648.5791 480.0000 2.4725 2 
9743.6846 480.0000 3.0891 2 
9838.7891 480.0000 3.2686 2 
9933.8945 480.0000 3.1367 2 
10320.0000 540.0000 2.7912 0 
9632.0000 540.0000 2.8620 1 
9730.2861 540.0000 2.8266 2 
9828.5713 540.0000 2.8974 2 
9926.8574 540.0000 3.0122 2 
10025.1426 540.0000 3.1026 2 
10123.4287 540.0000 2.4530 2 
10221.7139 540.0000 2.6056 2 
8839.0000 540.0000 2.1856 0 
8041.0000 540.0000 2.1856 1 
8155.0000 540.0000 3.4701 2 
8269.0000 540.0000 3.4567 2 
8383.0000 540.0000 3.3492 2 
8497.0000 540.0000 3.2906 2 
8611.0000 540.0000 3.1514 2 
8725.0000 540.0000 2.1856 2 
5019.0000 540.0000 1.5165 0 
3092.0000 540.0000 3.3199 1 
3193.4211 540.0000 2.7204 2 
3294.8420 540.0000 3.2503 2 
3396.2632 540.0000 3.2723 2 
3497.6843 540.0000 3.3211 2 
3599.1052 540.0000 3.5043 2 
3700.5264 540.0000 3.6435 2 
3801.9473 540.0000 3.7534 2 
3903.3684 540.0000 2.3346 2 
4004.7896 540.0000 2.4530 2 
4106.2104 540.0000 2.5861 2 
4207.6313 540.0000 2.6581 2 
4309.0527 540.0000 2.7118 2 
4410.4736 540.0000 2.7118 2 
4511.8945 540.0000 2.6154 2 
4613.3159 540.0000 2.6129 2 
4714.7368 540.0000 2.7302 2 
4816.1577 540.0000 3.0305 2 
4917.5791 540.0000 3.3871 2 
2839.0000 600.0000 2.9780 0 
3441.0000 600.0000 2.7704 1 
2925.0000 600.0000 3.0293 2 
3011.0000 600.0000 3.1355 2 
3097.0000 600.0000 3.1893 2 
3183.0000 600.0000 2.8913 2 
3269.0000 600.0000 2.6715 2 
3355.0000 600.0000 2.7704 2 
4322.0000 600.0000 3.1026 0 
5062.0000 600.0000 1.3346 1 
4414.5000 600.0000 2.6825 2 
4507.0000 600.0000 2.7802 2 
4599.5000 600.0000 3.6740 2 
4692.0000 600.0000 3.4921 2 
4784.5000 600.0000 3.3065 2 
4877.0000 600.0000 3.3199 2 
4969.5000 600.0000 3.0171 2 
7941.0000 600.0000 3.0757 0 
8199.0000 600.0000 3.4530 1 
8005.5000 600.0000 3.3370 2 
8070.0000 600.0000 3.4066 2 
8134.5000 600.0000 3.5128 2 
9922.0000 600.0000 2.4689 0 
10382.0000 600.0000 2.7326 1 
10014.0000 600.0000 2.5556 2 
10106.0000 600.0000 2.8693 2 
10198.0000 600.0000 2.7680 2 
10290.0000 600.0000 2.6984 2 
10501.0000 660.0000 2.3907 0 
10200.0000 660.0000 2.3907 1 
10275.2500 660.0000 2.6239 2 
10350.5000 660.0000 2.7241 2 
10425.7500 660.0000 2.4298 2 
8202.0000 660.0000 2.8364 0 
7821.0000 660.0000 2.8364 1 
7916.2500 660.0000 3.4603 2 
8011.5000 660.0000 3.3834 2 
8106.7500 660.0000 3.2295 2 
5193.0000 660.0000 2.9402 0 
4810.0000 660.0000 2.9402 1 
4886.6001 660.0000 3.3138 2 
4963.2002 660.0000 3.3162 2 
5039.7998 660.0000 3.5580 2 
5116.3999 660.0000 3.7802 2 
3113.0000 660.0000 2.5897 0 
2732.0000 660.0000 2.8657 1 
2827.2500 660.0000 3.0012 2 
2922.5000 660.0000 2.9963 2 
3017.7500 660.0000 2.9096 2 
2561.0000 720.0000 2.8132 0 
2940.0000 720.0000 2.4799 1 
2687.3333 720.0000 2.8608 2 
2813.6667 720.0000 2.7973 2 
4839.0000 720.0000 3.3004 0 
5199.0000 720.0000 3.3004 1 
4929.0000 720.0000 3.6056 2 
5019.0000 720.0000 3.3797 2 
5109.0000 720.0000 3.2991 2 
7690.0000 720.0000 3.9695 0 
8051.0000 720.0000 3.9695 1 
7780.2500 720.0000 3.3162 2 
7870.5000 720.0000 3.4005 2 
7960.7500 720.0000 3.5592 2 
10222.0000 720.0000 2.2393 0 
10669.0000 720.0000 2.4176 1 
10311.4004 720.0000 2.3944 2 
10400.7998 720.0000 2.6056 2 
10490.2002 720.0000 2.4884 2 
10579.5996 720.0000 2.4176 2 
10792.0000 780.0000 2.2979 0 
10402.0000 780.0000 1.9915 1 
10480.0000 780.0000 2.4029 2 
10558.0000 780.0000 2.5067 2 
10636.0000 780.0000 2.2027 2 
10714.0000 780.0000 1.9915 2 
8030.0000 780.0000 3.5714 0 
7542.0000 780.0000 2.1563 1 
7664.0000 780.0000 3.3785 2 
7786.0000 780.0000 3.3077 2 
7908.0000 780.0000 2.9438 2 
5451.0000 780.0000 3.2894 0 
5082.0000 780.0000 3.5617 1 
5205.0000 780.0000 3.3089 2 
5328.0000 780.0000 3.4420 2 
2800.0000 780.0000 2.7692 0 
2531.0000 780.0000 2.6447 1 
2620.6667 780.0000 2.7167 2 
2710.3333 780.0000 2.6447 2 
2344.0000 840.0000 2.6447 0 
2552.0000 840.0000 2.6447 1 
2413.3333 840.0000 2.6203 2 
2482.6667 840.0000 2.6447 2 
5174.0000 840.0000 3.4945 0 
5429.0000 840.0000 3.1905 1 
5259.0000 840.0000 3.3590 2 
5344.0000 840.0000 3.2332 2 
7393.0000 840.0000 2.5543 0 
7861.0000 840.0000 3.8742 1 
7510.0000 840.0000 3.1685 2 
7627.0000 840.0000 3.3626 2 
7744.0000 840.0000 3.4725 2 
10422.0000 840.0000 1.8523 0 
10781.0000 840.0000 2.2613 1 
10541.6670 840.0000 2.4249 2 
10661.3330 840.0000 2.3431 2 
11016.0000 900.0000 2.1966 0 
10528.0000 900.0000 1.7875 1 
10650.0000 900.0000 2.2491 2 
10772.0000 900.0000 2.3480 2 
10894.0000 900.0000 1.7875 2 
7856.0000 900.0000 3.5543 0 
7348.0000 900.0000 1.7155 1 
7475.0000 900.0000 3.3346 2 
7602.0000 900.0000 3.2674 2 
7729.0000 900.0000 2.6789 2 
5617.0000 900.0000 3.3907 0 
5250.0000 900.0000 3.3907 1 
5372.3335 900.0000 3.2759 2 
5494.6665 900.0000 3.3907 2 
2558.0000 900.0000 2.3480 0 
2336.0000 900.0000 2.4481 1 
2410.0000 900.0000 2.5360 2 
2484.0000 900.0000 2.4481 2 
2202.0000 960.0000 2.0281 0 
2458.0000 960.0000 2.0281 1 
2266.0000 960.0000 2.4273 2 
2330.0000 960.0000 2.4457 2 
2394.0000 960.0000 2.0281 2 
5340.0000 960.0000 3.4041 0 
5680.0000 960.0000 2.1490 1 
5425.0000 960.0000 3.3492 2 
5510.0000 960.0000 3.1355 2 
5595.0000 960.0000 2.9121 2 
7262.0000 960.0000 3.7363 0 
7668.0000 960.0000 3.7363 1 
7363.5000 960.0000 3.2527 2 
7465.0000 960.0000 3.3577 2 
7566.5000 960.0000 3.7363 2 
10602.0000 960.0000 1.7619 0 
10979.0000 960.0000 2.0244 1 
10696.2500 960.0000 2.1770 2 
10790.5000 960.0000 2.2173 2 
10884.7500 960.0000 2.1209 2 
11235.0000 1020.0000 1.9353 0 
10729.0000 1020.0000 1.7912 1 
10830.2002 1020.0000 2.0269 2 
10931.4004 1020.0000 2.1038 2 
11032.5996 1020.0000 2.1502 2 
11133.7998 1020.0000 1.7912 2 
7646.0000 1020.0000 3.0696 0 
7329.0000 1020.0000 3.0696 1 
7408.2500 1020.0000 3.2674 2 
7487.5000 1020.0000 3.2027 2 
7566.7500 1020.0000 3.0696 2 
5874.0000 1020.0000 3.3712 0 
5449.0000 1020.0000 3.3712 1 
5555.2500 1020.0000 3.0342 2 
5661.5000 1020.0000 3.2857 2 
5767.7500 1020.0000 3.4164 2 
2416.0000 1020.0000 0.8168 0 
2136.0000 1020.0000 2.1319 1 
2206.0000 1020.0000 2.3712 2 
2276.0000 1020.0000 2.3162 2 
2346.0000 1020.0000 2.2259 2 
1934.0000 1080.0000 2.0757 0 
2339.0000 1080.0000 1.7106 1 
2015.0000 1080.0000 2.1551 2 
2096.0000 1080.0000 2.2601 2 
2177.0000 1080.0000 2.2650 2 
2258.0000 1080.0000 1.7106 2 
5443.0000 1080.0000 3.4750 0 
6044.0000 1080.0000 2.8193 1 
5593.2500 1080.0000 3.4212 2 
5743.5000 1080.0000 3.2100 2 
5893.7500 1080.0000 2.8193 2 
7143.0000 1080.0000 3.5531 0 
7523.0000 1080.0000 3.5531 1 
7238.0000 1080.0000 3.2479 2 
7333.0000 1080.0000 3.3773 2 
7428.0000 1080.0000 3.5531 2 
10682.0000 1080.0000 1.6325 0 
11163.0000 1080.0000 1.6874 1 
10762.1670 1080.0000 2.0562 2 
10842.3330 1080.0000 2.0635 2 
10922.5000 1080.0000 1.9744 2 
11002.6670 1080.0000 1.8779 2 
11082.8330 1080.0000 1.7827 2 
11479.0000 1140.0000 1.4823 0 
10742.0000 1140.0000 1.4823 1 
10823.8887 1140.0000 1.5714 2 
10905.7773 1140.0000 1.6618 2 
10987.6670 1140.0000 1.7485 2 
11069.5557 1140.0000 1.8462 2 
11151.4443 1140.0000 1.9353 2 
11233.3330 1140.0000 2.0061 2 
11315.2227 1140.0000 1.7888 2 
11397.1113 1140.0000 1.4823 2 
7487.0000 1140.0000 3.1917 0 
5527.0000 1140.0000 3.4737 1 
5635.8887 1140.0000 3.2808 2 
5744.7778 1140.0000 3.2369 2 
5853.6665 1140.0000 3.1648 2 
5962.5557 1140.0000 3.2100 2 
6071.4443 1140.0000 3.3321 2 
6180.3335 1140.0000 3.4444 2 
6289.2222 1140.0000 3.5348 2 
6398.1113 1140.0000 3.6068 2 
6507.0000 1140.0000 3.6459 2 
6615.8887 1140.0000 3.6447 2 
6724.7778 1140.0000 3.5800 2 
6833.6665 1140.0000 3.5678 2 
6942.5557 1140.0000 3.6276 2 
7051.4443 1140.0000 3.6679 2 
7160.3335 1140.0000 3.6777 2 
7269.2222 1140.0000 3.5653 2 
7378.1113 1140.0000 3.4737 2 
2347.0000 1140.0000 1.8071 0 
1899.0000 1140.0000 1.9670 1 
1988.6000 1140.0000 2.2100 2 
2078.2000 1140.0000 2.1514 2 
2167.8000 1140.0000 2.0562 2 
2257.3999 1140.0000 1.9670 2 
1713.0000 1200.0000 1.7643 0 
2312.0000 1200.0000 1.5275 1 
1812.8334 1200.0000 1.8706 2 
1912.6666 1200.0000 1.9414 2 
2012.5000 1200.0000 2.0562 2 
2112.3333 1200.0000 2.1441 2 
2212.1667 1200.0000 1.8950 2 
5532.0000 1200.0000 3.2308 0 
7441.0000 1200.0000 3.1612 1 
5632.4736 1200.0000 3.1819 2 
5732.9473 1200.0000 3.2796 2 
5833.4209 1200.0000 3.3028 2 
5933.8945 1200.0000 3.2430 2 
6034.3687 1200.0000 3.3761 2 
6134.8423 1200.0000 3.5214 2 
6235.3159 1200.0000 3.6032 2 
6335.7896 1200.0000 3.6838 2 
6436.2632 1200.0000 3.7875 2 
6536.7368 1200.0000 3.8974 2 
6637.2104 1200.0000 3.8376 2 
6737.6841 1200.0000 3.7509 2 
6838.1577 1200.0000 3.7387 2 
6938.6313 1200.0000 3.6886 2 
7039.1055 1200.0000 3.6166 2 
7139.5791 1200.0000 3.5348 2 
7240.0527 1200.0000 3.4457 2 
7340.5264 1200.0000 3.1795 2 
10745.0000 1200.0000 1.4249 0 
11554.0000 1200.0000 1.3553 1 
10825.9004 1200.0000 1.7961 2 
10906.7998 1200.0000 1.9341 2 
10987.7002 1200.0000 1.8596 2 
11068.5996 1200.0000 1.7680 2 
11149.5000 1200.0000 1.6813 2 
11230.4004 1200.0000 1.5934 2 
11311.2998 1200.0000 1.4945 2 
11392.2002 1200.0000 1.3956 2 
11473.0996 1200.0000 1.2930 2 
11751.0000 1260.0000 5.4969 0 
10792.0000 1260.0000 1.3736 1 
10879.1816 1260.0000 1.2466 2 
10966.3633 1260.0000 1.3382 2 
11053.5459 1260.0000 1.4261 2 
11140.7275 1260.0000 1.5250 2 
11227.9092 1260.0000 1.6166 2 
11315.0908 1260.0000 1.7045 2 
11402.2725 1260.0000 1.7875 2 
11489.4541 1260.0000 1.8571 2 
11576.6367 1260.0000 1.9219 2 
11663.8184 1260.0000 1.3736 2 
7440.0000 1260.0000 2.6728 0 
5591.0000 1260.0000 3.1795 1 
5688.3159 1260.0000 3.2418 2 
5785.6313 1260.0000 3.2381 2 
5882.9473 1260.0000 3.2015 2 
5980.2632 1260.0000 3.2955 2 
6077.5791 1260.0000 3.4652 2 
6174.8945 1260.0000 3.5592 2 
6272.2104 1260.0000 3.6386 2 
6369.5264 1260.0000 3.7228 2 
6466.8423 1260.0000 3.7680 2 
6564.1577 1260.0000 3.7814 2 
6661.4736 1260.0000 3.7949 2 
6758.7896 1260.0000 3.7460 2 
6856.1055 1260.0000 3.6972 2 
6953.4209 1260.0000 3.6300 2 
7050.7368 1260.0000 3.5116 2 
7148.0527 1260.0000 3.3724 2 
7245.3687 1260.0000 3.2283 2 
7342.6841 1260.0000 3.2210 2 
2219.0000 1260.0000 2.0745 0 
1473.0000 1260.0000 1.1856 1 
1555.8889 1260.0000 2.0635 2 
1638.7778 1260.0000 1.9255 2 
1721.6666 1260.0000 1.8376 2 
1804.5555 1260.0000 1.7399 2 
1887.4445 1260.0000 1.6374 2 
1970.3334 1260.0000 1.5494 2 
2053.2222 1260.0000 1.4505 2 
2136.1111 1260.0000 1.2967 2 
1251.0000 1320.0000 1.8974 0 
2140.0000 1320.0000 1.8974 1 
1339.9000 1320.0000 1.2906 2 
1428.8000 1320.0000 1.4054 2 
1517.7000 1320.0000 1.5067 2 
1606.6000 1320.0000 1.5995 2 
1695.5000 1320.0000 1.6850 2 
1784.4000 1320.0000 1.7924 2 
1873.3000 1320.0000 1.8779 2 
1962.2000 1320.0000 1.9939 2 
2051.1001 1320.0000 1.8974 2 
5629.0000 1320.0000 3.1868 0 
7329.0000 1320.0000 3.2283 1 
5718.4736 1320.0000 3.1294 2 
5807.9473 1320.0000 3.1258 2 
5897.4209 1320.0000 3.2039 2 
5986.8945 1320.0000 3.2039 2 
6076.3687 1320.0000 3.3419 2 
6165.8423 1320.0000 3.4457 2 
6255.3159 1320.0000 3.5409 2 
6344.7896 1320.0000 3.6129 2 
6434.2632 1320.0000 3.6947 2 
6523.7368 1320.0000 3.7521 2 
6613.2104 1320.0000 3.7289 2 
6702.6841 1320.0000 3.6825 2 
6792.1577 1320.0000 3.6422 2 
6881.6313 1320.0000 3.5971 2 
6971.1055 1320.0000 3.5043 2 
7060.5791 1320.0000 3.4225 2 
7150.0527 1320.0000 3.2625 2 
7239.5264 1320.0000 3.2344 2 
10822.0000 1320.0000 1.2271 0 
11598.0000 1320.0000 0.5568 1 
10899.5996 1320.0000 1.8120 2 
10977.2002 1320.0000 1.8755 2 
11054.7998 1320.0000 1.7570 2 
11132.4004 1320.0000 1.6911 2 
11210.0000 1320.0000 1.5983 2 
11287.5996 1320.0000 1.4811 2 
11365.2002 1320.0000 1.4139 2 
11442.7998 1320.0000 1.3114 2 
11520.4004 1320.0000 1.2210 2 
11731.0000 1380.0000 1.2063 0 
10862.0000 1380.0000 1.6923 1 
10958.5557 1380.0000 1.3089 2 
11055.1113 1380.0000 1.4029 2 
11151.6670 1380.0000 1.4933 2 
11248.2227 1380.0000 1.5763 2 
11344.7773 1380.0000 1.6728 2 
11441.3330 1380.0000 1.7570 2 
11537.8887 1380.0000 1.8620 2 
11634.4443 1380.0000 1.6923 2 
7360.0000 1380.0000 3.1172 0 
5742.0000 1380.0000 3.0904 1 
5827.1577 1380.0000 3.2002 2 
5912.3159 1380.0000 3.2442 2 
5997.4736 1380.0000 3.2845 2 
6082.6313 1380.0000 3.3468 2 
6167.7896 1380.0000 3.4933 2 
6252.9473 1380.0000 3.5360 2 
6338.1055 1380.0000 3.5873 2 
6423.2632 1380.0000 3.7143 2 
6508.4209 1380.0000 3.6618 2 
6593.5791 1380.0000 3.6703 2 
6678.7368 1380.0000 3.6471 2 
6763.8945 1380.0000 3.5958 2 
6849.0527 1380.0000 3.5055 2 
6934.2104 1380.0000 3.4005 2 
7019.3687 1380.0000 3.3028 2 
7104.5264 1380.0000 3.1734 2 
7189.6841 1380.0000 3.1563 2 
7274.8423 1380.0000 3.1074 2 
2319.0000 1380.0000 1.8352 0 
1444.0000 1380.0000 0.6874 1 
1541.2222 1380.0000 1.9744 2 
1638.4445 1380.0000 1.8523 2 
1735.6666 1380.0000 1.7485 2 
1832.8889 1380.0000 1.6545 2 
1930.1111 1380.0000 1.5507 2 
2027.3334 1380.0000 1.4664 2 
2124.5557 1380.0000 1.3773 2 
2221.7778 1380.0000 1.2894 2 
1391.0000 1440.0000 1.2344 0 
2121.0000 1440.0000 1.7033 1 
1482.2500 1440.0000 1.3175 2 
1573.5000 1440.0000 1.4286 2 
1664.7500 1440.0000 1.5189 2 
1756.0000 1440.0000 1.6178 2 
1847.2500 1440.0000 1.6960 2 
1938.5000 1440.0000 1.8095 2 
2029.7500 1440.0000 1.9328 2 
5602.0000 1440.0000 0.2210 0 
6248.0000 1440.0000 0.2210 1 
5694.2856 1440.0000 3.0696 2 
5786.5713 1440.0000 3.0842 2 
5878.8569 1440.0000 3.1050 2 
5971.1431 1440.0000 3.2137 2 
6063.4287 1440.0000 3.3236 2 
6155.7144 1440.0000 1.4628 2 
6823.0000 1440.0000 3.0696 0 
7319.0000 1440.0000 3.0696 1 
6905.6665 1440.0000 3.3407 2 
6988.3335 1440.0000 3.2527 2 
7071.0000 1440.0000 3.2247 2 
7153.6665 1440.0000 3.1465 2 
7236.3335 1440.0000 3.1123 2 
10893.0000 1440.0000 1.7692 0 
11500.0000 1440.0000 1.2186 1 
10968.8750 1440.0000 1.8059 2 
11044.7500 1440.0000 1.7155 2 
11120.6250 1440.0000 1.6178 2 
11196.5000 1440.0000 1.5250 2 
11272.3750 1440.0000 1.4383 2 
11348.2500 1440.0000 1.3394 2 
11424.1250 1440.0000 1.2186 2 
11497.0000 1500.0000 1.3480 0 
10929.0000 1500.0000 1.7961 1 
11023.6670 1500.0000 1.4481 2 
11118.3330 1500.0000 1.5507 2 
11213.0000 1500.0000 1.6667 2 
11307.6670 1500.0000 1.7192 2 
11402.3330 1500.0000 1.7961 2 
7378.0000 1500.0000 3.0940 0 
6911.0000 1500.0000 3.2405 1 
7004.3999 1500.0000 3.1270 2 
7097.7998 1500.0000 3.1538 2 
7191.2002 1500.0000 3.1599 2 
7284.6001 1500.0000 3.2405 2 
6143.0000 1500.0000 3.0440 0 
5762.0000 1500.0000 3.0440 1 
5838.2002 1500.0000 3.0830 2 
5914.3999 1500.0000 3.0904 2 
5990.6001 1500.0000 3.0745 2 
6066.7998 1500.0000 3.0440 2 
2189.0000 1500.0000 1.7851 0 
1460.0000 1500.0000 1.1795 1 
1551.1250 1500.0000 1.8620 2 
1642.2500 1500.0000 1.7692 2 
1733.3750 1500.0000 1.6801 2 
1824.5000 1500.0000 1.5702 2 
1915.6250 1500.0000 1.4994 2 
2006.7500 1500.0000 1.3871 2 
2097.8750 1500.0000 1.2894 2 
1420.0000 1560.0000 1.2869 0 
2067.0000 1560.0000 1.8339 1 
1512.4286 1560.0000 1.3968 2 
1604.8572 1560.0000 1.5128 2 
1697.2858 1560.0000 1.5946 2 
1789.7142 1560.0000 1.6923 2 
1882.1428 1560.0000 1.8584 2 
1974.5714 1560.0000 1.8339 2 
5699.0000 1560.0000 3.0659 0 
6061.0000 1560.0000 3.0659 1 
5789.5000 1560.0000 3.0195 2 
5880.0000 1560.0000 3.0098 2 
5970.5000 1560.0000 3.0293 2 
6882.0000 1560.0000 3.0134 0 
7288.0000 1560.0000 3.0134 1 
6983.5000 1560.0000 3.1319 2 
7085.0000 1560.0000 3.0989 2 
7186.5000 1560.0000 3.0855 2 
10910.0000 1560.0000 1.8022 0 
11268.0000 1560.0000 1.4896 1 
10999.5000 1560.0000 1.7924 2 
11089.0000 1560.0000 1.6654 2 
11178.5000 1560.0000 1.5617 2 
11239.0000 1620.0000 1.4725 0 
10989.0000 1620.0000 1.4725 1 
11072.3330 1620.0000 1.6777 2 
11155.6670 1620.0000 1.6777 2 
7329.0000 1620.0000 3.0794 0 
6957.0000 1620.0000 3.0794 1 
7050.0000 1620.0000 3.0586 2 
7143.0000 1620.0000 3.0391 2 
7236.0000 1620.0000 3.0794 2 
6128.0000 1620.0000 2.9426 0 
5701.0000 1620.0000 2.9426 1 
5807.7500 1620.0000 2.9976 2 
5914.5000 1620.0000 2.9988 2 
6021.2500 1620.0000 2.9487 2 
2218.0000 1620.0000 1.7961 0 
1610.0000 1620.0000 1.4322 1 
1711.3334 1620.0000 1.8474 2 
1812.6666 1620.0000 1.6923 2 
1914.0000 1620.0000 1.5543 2 
2015.3334 1620.0000 1.5140 2 
2116.6667 1620.0000 1.4322 2 
1840.0000 1680.0000 1.6056 0 
2061.0000 1680.0000 1.3822 1 
1913.6666 1680.0000 1.7753 2 
1987.3334 1680.0000 1.6996 2 
5731.0000 1680.0000 2.9365 0 
6028.0000 1680.0000 2.9365 1 
5830.0000 1680.0000 2.8987 2 
5929.0000 1680.0000 2.9365 2 
7000.0000 1680.0000 2.9231 0 
7239.0000 1680.0000 2.9231 1 
7079.6665 1680.0000 2.9780 2 
7159.3335 1680.0000 2.9328 2 
10871.0000 1680.0000 1.6142 0 
11110.0000 1680.0000 1.6435 1 
10990.5000 1680.0000 1.7302 2 
11069.0000 1740.0000 1.7094 0 
10892.0000 1740.0000 1.1770 1 
10980.5000 1740.0000 1.7338 2 
7341.0000 1740.0000 3.0122 0 
7091.0000 1740.0000 3.0122 1 
7216.0000 1740.0000 2.9658 2 
5959.0000 1740.0000 2.9096 0 
5802.0000 1740.0000 2.9096 1 
5854.3335 1740.0000 2.8901 2 
5906.6665 1740.0000 2.9096 2 
2339.0000 1740.0000 1.7106 0 
1930.0000 1740.0000 1.6581 1 
2066.3333 1740.0000 1.7631 2 
2202.6667 1740.0000 1.6581 2 
1954.0000 1800.0000 1.7179 0 
2090.0000 1800.0000 1.7179 1 
2022.0000 1800.0000 1.7179 2 
5713.0000 1800.0000 2.8547 0 
5971.0000 1800.0000 0.0159 1 
5799.0000 1800.0000 2.8498 2 
5885.0000 1800.0000 2.8547 2 
7063.0000 1800.0000 2.8327 0 
7301.0000 1800.0000 2.8327 1 
7182.0000 1800.0000 2.8877 2 
10832.0000 1800.0000 1.6374 0 
10832.0000 1800.0000 1.6923 1 
10832.0000 1800.0000 1.6923 2 
11012.0000 1860.0000 1.3089 0 
10891.0000 1860.0000 1.3089 1 
7357.0000 1860.0000 2.9670 0 
7107.0000 1860.0000 2.9670 1 
7232.0000 1860.0000 2.8779 2 
6018.0000 1860.0000 2.8339 0 
5728.0000 1860.0000 2.8486 1 
5824.6665 1860.0000 2.8230 2 
5921.3335 1860.0000 2.8486 2 
2357.0000 1860.0000 1.7228 0 
2037.0000 1860.0000 1.7497 1 
1980.0000 1920.0000 1.7790 0 
2144.0000 1920.0000 1.4982 1 
5639.0000 1920.0000 2.8425 0 
5897.0000 1920.0000 2.7241 1 
5768.0000 1920.0000 2.8339 2 
7129.0000 1920.0000 2.7900 0 
7368.0000 1920.0000 2.7900 1 
7248.5000 1920.0000 2.7900 2 
10759.0000 1920.0000 1.4982 0 
10929.0000 1920.0000 1.6935 1 
10844.0000 1920.0000 1.6935 2 
10930.0000 1980.0000 1.5690 0 
10802.0000 1980.0000 1.5690 1 
10866.0000 1980.0000 1.5690 2 
7468.0000 1980.0000 2.8181 0 
7163.0000 1980.0000 2.8242 1 
7315.5000 1980.0000 2.8730 2 
5908.0000 1980.0000 2.8388 0 
5703.0000 1980.0000 2.8425 1 
5805.5000 1980.0000 2.8425 2 
2428.0000 1980.0000 1.7228 0 
2111.0000 1980.0000 1.7399 1 
2152.0000 2040.0000 1.7704 0 
2289.0000 2040.0000 1.5665 1 
5521.0000 2040.0000 2.3968 0 
5900.0000 2040.0000 0.0147 1 
5647.3335 2040.0000 2.8486 2 
5773.6665 2040.0000 2.8791 2 
7142.0000 2040.0000 2.9414 0 
7550.0000 2040.0000 1.4750 1 
7278.0000 2040.0000 2.8657 2 
7414.0000 2040.0000 1.6777 2 
10673.0000 2040.0000 1.7241 0 
10673.0000 2040.0000 1.7656 1 
10848.0000 2100.0000 1.8242 0 
10600.0000 2100.0000 1.5958 1 
10724.0000 2100.0000 1.5958 2 
7578.0000 2100.0000 2.7155 0 
7269.0000 2100.0000 2.7155 1 
7423.5000 2100.0000 2.8730 2 
5828.0000 2100.0000 2.8144 0 
5521.0000 2100.0000 1.9060 1 
5623.3335 2100.0000 2.7057 2 
5725.6665 2100.0000 2.5971 2 
2448.0000 2100.0000 1.7973 0 
2300.0000 2100.0000 1.8315 1 
2300.0000 2160.0000 1.8327 0 
2510.0000 2160.0000 1.8095 1 
2405.0000 2160.0000 1.8095 2 
5302.0000 2160.0000 1.9817 0 
5707.0000 2160.0000 2.7192 1 
5403.2500 2160.0000 2.5653 2 
5504.5000 2160.0000 2.5775 2 
5605.7500 2160.0000 2.7192 2 
7368.0000 2160.0000 2.8608 0 
7608.0000 2160.0000 2.1575 1 
7448.0000 2160.0000 2.7094 2 
7528.0000 2160.0000 2.1575 2 
10271.0000 2160.0000 1.3394 0 
10559.0000 2160.0000 1.8303 1 
10367.0000 2160.0000 1.7143 2 
10463.0000 2160.0000 1.8303 2 
10556.0000 2220.0000 1.9096 0 
10258.0000 2220.0000 1.3175 1 
10357.3330 2220.0000 1.6838 2 
10456.6670 2220.0000 1.3968 2 
7947.0000 2220.0000 2.0293 0 
7458.0000 2220.0000 3.0403 1 
7580.2500 2220.0000 2.5641 2 
7702.5000 2220.0000 2.7558 2 
7824.7500 2220.0000 3.0403 2 
5677.0000 2220.0000 1.8083 0 
5288.0000 2220.0000 1.8083 1 
5417.6665 2220.0000 2.4982 2 
5547.3335 2220.0000 2.0342 2 
2777.0000 2220.0000 1.4713 0 
2408.0000 2220.0000 1.9060 1 
2531.0000 2220.0000 1.8327 2 
2654.0000 2220.0000 1.9060 2 
2454.0000 2280.0000 1.8791 0 
2799.0000 2280.0000 1.9341 1 
5123.0000 2280.0000 1.8254 0 
5501.0000 2280.0000 2.6972 1 
5217.5000 2280.0000 1.9963 2 
5312.0000 2280.0000 2.5018 2 
5406.5000 2280.0000 2.5116 2 
7464.0000 2280.0000 2.9487 0 
7851.0000 2280.0000 2.0012 1 
7560.7500 2280.0000 2.7216 2 
7657.5000 2280.0000 2.3468 2 
7754.2500 2280.0000 2.0012 2 
10083.0000 2280.0000 1.4115 0 
10463.0000 2280.0000 1.9524 1 
10178.0000 2280.0000 1.5946 2 
10273.0000 2280.0000 1.9035 2 
10368.0000 2280.0000 1.9524 2 
10468.0000 2340.0000 1.9414 0 
10001.0000 2340.0000 1.4115 1 
10117.7500 2340.0000 1.9683 2 
10234.5000 2340.0000 1.6789 2 
10351.2500 2340.0000 1.4835 2 
8029.0000 2340.0000 2.3272 0 
7540.0000 2340.0000 2.3272 1 
7662.2500 2340.0000 2.5275 2 
7784.5000 2340.0000 2.7534 2 
7906.7500 2340.0000 3.0146 2 
5516.0000 2340.0000 2.6557 0 
5152.0000 2340.0000 1.8193 1 
5224.7998 2340.0000 2.4286 2 
5297.6001 2340.0000 2.3822 2 
5370.3999 2340.0000 1.9377 2 
5443.2002 2340.0000 1.8193 2 
2927.0000 2340.0000 1.5604 0 
2581.0000 2340.0000 1.8852 1 
2696.3333 2340.0000 5.5079 2 
2811.6667 2340.0000 1.8852 2 
2523.0000 2400.0000 1.8523 0 
2834.0000 2400.0000 1.8523 1 
5075.0000 2400.0000 2.6728 0 
5453.0000 2400.0000 2.6728 1 
5150.6001 2400.0000 2.0085 2 
5226.2002 2400.0000 2.4335 2 
5301.7998 2400.0000 2.4310 2 
5377.3999 2400.0000 2.6728 2 
7585.0000 2400.0000 2.0659 0 
7962.0000 2400.0000 2.0659 1 
7679.2500 2400.0000 2.8059 2 
7773.5000 2400.0000 2.6129 2 
7867.7500 2400.0000 2.2161 2 
9946.0000 2400.0000 1.4066 0 
10414.0000 2400.0000 1.8999 1 
10039.5996 2400.0000 1.4860 2 
10133.2002 2400.0000 1.7289 2 
10226.7998 2400.0000 1.9658 2 
10320.4004 2400.0000 1.9451 2 
