815
2640.0000 0.0000 51.0804 0 
3139.0000 0.0000 51.0804 1 
2723.1667 0.0000 57.1114 2 
2806.3333 0.0000 58.8938 2 
2889.5000 0.0000 57.8439 2 
2972.6667 0.0000 49.1270 2 
3055.8333 0.0000 51.0804 2 
4531.0000 0.0000 48.2480 0 
4947.0000 0.0000 48.2480 1 
4590.4287 0.0000 63.9970 2 
4649.8569 0.0000 74.1300 2 
4709.2856 0.0000 70.8337 2 
4768.7144 0.0000 67.4153 2 
4828.1431 0.0000 64.1679 2 
4887.5713 0.0000 48.2480 2 
7761.0000 0.0000 90.9777 0 
8268.0000 0.0000 90.9777 1 
7862.3999 0.0000 73.0801 2 
7963.7998 0.0000 75.1799 2 
8065.2002 0.0000 78.3786 2 
8166.6001 0.0000 81.5039 2 
9989.0000 0.0000 57.3555 0 
10411.0000 0.0000 59.5286 1 
10059.3330 0.0000 56.9160 2 
10129.6670 0.0000 65.1690 2 
10200.0000 0.0000 63.2644 2 
10270.3330 0.0000 61.6529 2 
10340.6670 0.0000 59.5286 2 
10699.0000 60.0000 54.7429 0 
10231.0000 60.0000 54.7429 1 
10348.0000 60.0000 60.7251 2 
10465.0000 60.0000 62.7517 2 
10582.0000 60.0000 56.6719 2 
8140.0000 60.0000 71.2488 0 
7673.0000 60.0000 71.2488 1 
7766.3999 60.0000 79.1111 2 
7859.7998 60.0000 75.5950 2 
7953.2002 60.0000 72.9580 2 
8046.6001 60.0000 71.2488 2 
5220.0000 60.0000 75.7171 0 
4750.0000 60.0000 75.7171 1 
4844.0000 60.0000 66.0480 2 
4938.0000 60.0000 70.0524 2 
5032.0000 60.0000 73.6417 2 
5126.0000 60.0000 75.7171 2 
3090.0000 60.0000 47.0271 0 
2621.0000 60.0000 53.7906 1 
2738.2500 60.0000 52.6675 2 
2855.5000 60.0000 56.6963 2 
2972.7500 60.0000 54.5720 2 
2453.0000 120.0000 49.6886 0 
2689.0000 120.0000 49.6886 1 
2531.6667 120.0000 53.9127 2 
2610.3333 120.0000 49.6886 2 
4832.0000 120.0000 84.7758 0 
5211.0000 120.0000 67.2688 1 
4907.7998 120.0000 75.9857 2 
4983.6001 120.0000 71.8348 2 
5059.3999 120.0000 68.3188 2 
5135.2002 120.0000 67.2688 2 
7523.0000 120.0000 70.2233 0 
7931.0000 120.0000 84.1410 1 
7625.0000 120.0000 74.3742 2 
7727.0000 120.0000 76.2787 2 
7829.0000 120.0000 84.1410 2 
10252.0000 120.0000 52.0570 0 
10610.0000 120.0000 54.9138 1 
10341.5000 120.0000 60.6762 2 
10431.0000 120.0000 58.7717 2 
10520.5000 120.0000 56.8672 2 
10799.0000 180.0000 54.7673 0 
10389.0000 180.0000 47.8329 1 
10491.5000 180.0000 56.1347 2 
10594.0000 180.0000 58.5031 2 
10696.5000 180.0000 51.2024 2 
7880.0000 180.0000 69.8570 0 
7458.0000 180.0000 69.8570 1 
7563.5000 180.0000 73.8126 2 
7669.0000 180.0000 71.7371 2 
7774.5000 180.0000 69.8570 2 
5498.0000 180.0000 56.4277 0 
5092.0000 180.0000 77.4507 1 
5173.2002 180.0000 64.3388 2 
5254.3999 180.0000 68.4897 2 
5335.6001 180.0000 71.6639 2 
5416.7998 180.0000 77.4507 2 
2638.0000 180.0000 49.9083 0 
2339.0000 180.0000 49.3223 1 
2438.6667 180.0000 50.9827 2 
2538.3333 180.0000 49.3223 2 
2284.0000 240.0000 48.1747 0 
2538.0000 240.0000 41.6798 1 
2411.0000 240.0000 49.4933 2 
5133.0000 240.0000 48.0527 0 
5539.0000 240.0000 48.0527 1 
5268.3335 240.0000 66.9758 2 
5403.6665 240.0000 59.6996 2 
7353.0000 240.0000 74.5207 0 
7653.0000 240.0000 74.5207 1 
7428.0000 240.0000 67.0735 2 
7503.0000 240.0000 71.8104 2 
7578.0000 240.0000 74.5207 2 
10403.0000 240.0000 45.1470 0 
10782.0000 240.0000 54.6697 1 
10497.7500 240.0000 53.3756 2 
10592.5000 240.0000 55.6219 2 
10687.2500 240.0000 54.6697 2 
10918.0000 300.0000 45.3912 0 
10549.0000 300.0000 45.3912 1 
10641.2500 300.0000 54.5964 2 
10733.5000 300.0000 55.1824 2 
10825.7500 300.0000 45.3912 2 
7628.0000 300.0000 40.9961 0 
7301.0000 300.0000 40.9961 1 
7382.7500 300.0000 71.8104 2 
7464.5000 300.0000 67.6839 2 
7546.2500 300.0000 56.9404 2 
5677.0000 300.0000 54.8894 0 
5309.0000 300.0000 79.9901 1 
5401.0000 300.0000 62.8738 2 
5493.0000 300.0000 67.4886 2 
5585.0000 300.0000 70.6140 2 
2547.0000 300.0000 44.8784 0 
2159.0000 300.0000 45.1226 1 
2288.3333 300.0000 46.7341 2 
2417.6667 300.0000 45.1226 2 
2070.0000 360.0000 41.9972 0 
2409.0000 360.0000 38.2370 1 
2154.7500 360.0000 44.0483 2 
2239.5000 360.0000 45.7575 2 
2324.2500 360.0000 38.2370 2 
5280.0000 360.0000 70.8093 0 
5658.0000 360.0000 58.2590 1 
5374.5000 360.0000 68.7094 2 
5469.0000 360.0000 66.0968 2 
5563.5000 360.0000 58.2590 2 
7150.0000 360.0000 76.9868 0 
7529.0000 360.0000 76.9868 1 
7244.7500 360.0000 70.7116 2 
7339.5000 360.0000 72.1522 2 
7434.2500 360.0000 76.9868 2 
10581.0000 360.0000 42.9251 0 
10958.0000 360.0000 47.5643 1 
10656.4004 360.0000 50.2502 2 
10731.7998 360.0000 52.4721 2 
10807.2002 360.0000 51.3489 2 
10882.5996 360.0000 49.4200 2 
11139.0000 420.0000 46.2214 0 
10641.0000 420.0000 43.3646 1 
10740.5996 420.0000 47.7108 2 
10840.2002 420.0000 49.8839 2 
10939.7998 420.0000 51.6420 2 
11039.4004 420.0000 51.6908 2 
7618.0000 420.0000 61.3599 0 
7172.0000 420.0000 61.3599 1 
7283.5000 420.0000 71.4441 2 
7395.0000 420.0000 69.5640 2 
7506.5000 420.0000 61.3599 2 
5757.0000 420.0000 61.2378 0 
5431.0000 420.0000 73.5928 1 
5512.5000 420.0000 66.7805 2 
5594.0000 420.0000 70.8826 2 
5675.5000 420.0000 73.5928 2 
2340.0000 420.0000 39.7509 0 
1960.0000 420.0000 37.1383 1 
2055.0000 420.0000 43.5355 2 
2150.0000 420.0000 41.4112 2 
2245.0000 420.0000 39.4579 2 
1842.0000 480.0000 36.3081 0 
2290.0000 480.0000 0.0000 1 
1931.6000 480.0000 38.2614 2 
2021.2000 480.0000 40.2148 2 
2110.8000 480.0000 41.9240 2 
2200.3999 480.0000 35.6732 2 
5423.0000 480.0000 66.0724 0 
5842.0000 480.0000 61.8483 1 
5527.7500 480.0000 69.9791 2 
5632.5000 480.0000 65.9503 2 
5737.2500 480.0000 63.4354 2 
6120.0000 480.0000 73.9835 0 
7462.0000 480.0000 0.0000 1 
6287.7500 480.0000 75.8148 2 
6455.5000 480.0000 75.0334 2 
6623.2500 480.0000 71.9569 2 
6791.0000 480.0000 73.2998 2 
6958.7500 480.0000 75.4485 2 
7126.5000 480.0000 75.2044 2 
7294.2500 480.0000 0.0000 2 
10662.0000 480.0000 46.2458 0 
11271.0000 480.0000 40.1415 1 
10749.0000 480.0000 51.3978 2 
10836.0000 480.0000 49.1026 2 
10923.0000 480.0000 47.4911 2 
11010.0000 480.0000 45.4889 2 
11097.0000 480.0000 44.0238 2 
11184.0000 480.0000 42.0949 2 
11648.0000 540.0000 38.4812 0 
10700.0000 540.0000 38.4812 1 
10794.7998 540.0000 38.4812 2 
10889.5996 540.0000 40.0683 2 
10984.4004 540.0000 41.8752 2 
11079.2002 540.0000 43.8285 2 
11174.0000 540.0000 45.4645 2 
11268.7998 540.0000 47.2225 2 
11363.5996 540.0000 48.5410 2 
11458.4004 540.0000 48.5898 2 
11553.2002 540.0000 38.4812 2 
7588.0000 540.0000 69.2222 0 
5470.0000 540.0000 66.6828 1 
5581.4736 540.0000 70.2965 2 
5692.9473 540.0000 70.4186 2 
5804.4209 540.0000 68.2699 2 
5915.8945 540.0000 66.9514 2 
6027.3687 540.0000 70.5163 2 
6138.8423 540.0000 73.2998 2 
6250.3159 540.0000 74.6916 2 
6361.7896 540.0000 76.0345 2 
6473.2632 540.0000 77.3775 2 
6584.7368 540.0000 76.8647 2 
6696.2104 540.0000 76.2787 2 
6807.6841 540.0000 76.8403 2 
6919.1577 540.0000 77.8170 2 
7030.6313 540.0000 76.9136 2 
7142.1055 540.0000 75.7660 2 
7253.5791 540.0000 74.3253 2 
7365.0527 540.0000 72.6894 2 
7476.5264 540.0000 69.2710 2 
2258.0000 540.0000 31.9130 0 
1799.0000 540.0000 32.7432 1 
1875.5000 540.0000 40.2392 2 
1952.0000 540.0000 38.8474 2 
2028.5000 540.0000 36.7720 2 
2105.0000 540.0000 34.7942 2 
2181.5000 540.0000 32.7432 2 
1491.0000 600.0000 27.8598 0 
2091.0000 600.0000 39.0428 1 
1576.7142 600.0000 29.3248 2 
1662.4286 600.0000 31.4247 2 
1748.1428 600.0000 33.5001 2 
1833.8572 600.0000 35.3314 2 
1919.5714 600.0000 37.2848 2 
2005.2858 600.0000 39.0428 2 
5474.0000 600.0000 65.2178 0 
7341.0000 600.0000 69.8815 1 
5572.2632 600.0000 64.9004 2 
5670.5264 600.0000 65.5108 2 
5768.7896 600.0000 67.0979 2 
5867.0527 600.0000 67.0735 2 
5965.3159 600.0000 70.2233 2 
6063.5791 600.0000 72.7627 2 
6161.8423 600.0000 74.1300 2 
6260.1055 600.0000 76.1566 2 
6358.3687 600.0000 78.1588 2 
6456.6313 600.0000 79.5018 2 
6554.8945 600.0000 79.9657 2 
6653.1577 600.0000 79.3308 2 
6751.4209 600.0000 78.3053 2 
6849.6841 600.0000 76.5229 2 
6947.9473 600.0000 75.2776 2 
7046.2104 600.0000 73.6661 2 
7144.4736 600.0000 70.1745 2 
7242.7368 600.0000 69.6861 2 
10722.0000 600.0000 42.1682 0 
11682.0000 600.0000 0.0000 1 
10809.2725 600.0000 48.7119 2 
10896.5459 600.0000 47.1981 2 
10983.8184 600.0000 45.3668 2 
11071.0908 600.0000 44.1215 2 
11158.3633 600.0000 42.3635 2 
11245.6367 600.0000 39.8730 2 
11332.9092 600.0000 38.5300 2 
11420.1816 600.0000 36.9918 2 
11507.4541 600.0000 35.1361 2 
11594.7275 600.0000 0.0000 2 
11579.0000 660.0000 35.6488 0 
10799.0000 660.0000 33.4025 1 
10885.6670 660.0000 37.2115 2 
10972.3330 660.0000 39.1160 2 
11059.0000 660.0000 40.8008 2 
11145.6670 660.0000 42.6565 2 
11232.3330 660.0000 44.4634 2 
11319.0000 660.0000 46.2458 2 
11405.6670 660.0000 47.7597 2 
11492.3330 660.0000 42.6565 2 
7448.0000 660.0000 68.5873 0 
5560.0000 660.0000 65.2666 1 
5659.3687 660.0000 68.6850 2 
5758.7368 660.0000 69.4908 2 
5858.1055 660.0000 69.9791 2 
5957.4736 660.0000 70.5407 2 
6056.8423 660.0000 73.2510 2 
6156.2104 660.0000 74.5207 2 
6255.5791 660.0000 76.3275 2 
6354.9473 660.0000 77.0112 2 
6454.3159 660.0000 77.7437 2 
6553.6841 660.0000 78.1100 2 
6653.0527 660.0000 77.6216 2 
6752.4209 660.0000 76.5229 2 
6851.7896 660.0000 74.8869 2 
6951.1577 660.0000 73.5440 2 
7050.5264 660.0000 72.6894 2 
7149.8945 660.0000 68.5873 2 
7249.2632 660.0000 66.4631 2 
7348.6313 660.0000 65.9747 2 
2129.0000 660.0000 37.8952 0 
1312.0000 660.0000 18.6790 1 
1393.7000 660.0000 36.4057 2 
1475.4000 660.0000 34.5989 2 
1557.1000 660.0000 32.5479 2 
1638.8000 660.0000 30.4236 2 
1720.5000 660.0000 28.5679 2 
1802.2000 660.0000 26.3215 2 
1883.9000 660.0000 24.2705 2 
1965.6000 660.0000 21.8288 2 
2047.3000 660.0000 18.6790 2 
1331.0000 720.0000 22.8543 0 
2109.0000 720.0000 35.3802 1 
1417.4445 720.0000 23.3671 2 
1503.8889 720.0000 25.8576 2 
1590.3334 720.0000 27.9086 2 
1676.7778 720.0000 30.0085 2 
1763.2222 720.0000 31.9130 2 
1849.6666 720.0000 33.5490 2 
1936.1111 720.0000 36.4546 2 
2022.5555 720.0000 35.3802 2 
5542.0000 720.0000 64.2655 0 
7292.0000 720.0000 67.9037 1 
5634.1055 720.0000 64.2167 2 
5726.2104 720.0000 65.0225 2 
5818.3159 720.0000 65.6085 2 
5910.4209 720.0000 67.3909 2 
6002.5264 720.0000 70.1989 2 
6094.6313 720.0000 72.2743 2 
6186.7368 720.0000 73.8370 2 
6278.8423 720.0000 75.8392 2 
6370.9473 720.0000 77.1821 2 
6463.0527 720.0000 78.0367 2 
6555.1577 720.0000 77.5728 2 
6647.2632 720.0000 76.0101 2 
6739.3687 720.0000 74.3742 2 
6831.4736 720.0000 72.8603 2 
6923.5791 720.0000 72.1278 2 
7015.6841 720.0000 69.4908 2 
7107.7896 720.0000 69.3199 2 
7199.8945 720.0000 68.7339 2 
10803.0000 720.0000 43.5599 0 
11540.0000 720.0000 32.9141 1 
10884.8887 720.0000 46.9295 2 
10966.7773 720.0000 45.6842 2 
11048.6670 720.0000 43.5599 2 
11130.5557 720.0000 41.6554 2 
11212.4443 720.0000 40.0195 2 
11294.3330 720.0000 38.3347 2 
11376.2227 720.0000 36.6011 2 
11458.1113 720.0000 34.7454 2 
11647.0000 780.0000 40.3369 0 
10900.0000 780.0000 40.3369 1 
10993.3750 780.0000 35.7465 2 
11086.7500 780.0000 37.7487 2 
11180.1250 780.0000 39.3358 2 
11273.5000 780.0000 40.9961 2 
11366.8750 780.0000 42.8274 2 
11460.2500 780.0000 45.0005 2 
11553.6250 780.0000 46.7830 2 
7280.0000 780.0000 74.5939 0 
6660.0000 780.0000 74.5939 1 
6737.5000 780.0000 67.0491 2 
6815.0000 780.0000 67.7083 2 
6892.5000 780.0000 68.8071 2 
6970.0000 780.0000 68.1723 2 
7047.5000 780.0000 70.7849 2 
7125.0000 780.0000 73.8126 2 
7202.5000 780.0000 74.5939 2 
6296.0000 780.0000 63.3377 0 
5610.0000 780.0000 63.3377 1 
5695.7500 780.0000 70.7849 2 
5781.5000 780.0000 68.4164 2 
5867.2500 780.0000 64.9981 2 
5953.0000 780.0000 64.3388 2 
6038.7500 780.0000 63.3621 2 
6124.5000 780.0000 63.5330 2 
6210.2500 780.0000 63.3377 2 
2147.0000 780.0000 30.9852 0 
1420.0000 780.0000 21.2428 1 
1500.7778 780.0000 35.3314 2 
1581.5555 780.0000 33.1339 2 
1662.3334 780.0000 31.0828 2 
1743.1111 780.0000 29.3248 2 
1823.8889 780.0000 27.3226 2 
1904.6666 780.0000 25.2960 2 
1985.4445 780.0000 23.0008 2 
2066.2222 780.0000 21.2428 2 
1223.0000 840.0000 33.9152 0 
2082.0000 840.0000 33.9152 1 
1308.9000 840.0000 19.9487 2 
1394.8000 840.0000 21.9020 2 
1480.7000 840.0000 24.2705 2 
1566.6000 840.0000 26.0041 2 
1652.5000 840.0000 28.0307 2 
1738.4000 840.0000 29.9841 2 
1824.3000 840.0000 32.0107 2 
1910.2000 840.0000 34.8919 2 
1996.1000 840.0000 33.9152 2 
5564.0000 840.0000 66.9026 0 
6091.0000 840.0000 66.9026 1 
5651.8335 840.0000 63.6063 2 
5739.6665 840.0000 63.4109 2 
5827.5000 840.0000 63.6551 2 
5915.3335 840.0000 64.4120 2 
6003.1665 840.0000 66.9026 2 
6792.0000 840.0000 65.6329 0 
7241.0000 840.0000 65.6329 1 
6881.7998 840.0000 68.2211 2 
6971.6001 840.0000 67.5130 2 
7061.3999 840.0000 66.6096 2 
7151.2002 840.0000 66.2433 2 
10880.0000 840.0000 44.3169 0 
11379.0000 840.0000 36.4302 1 
10951.2861 840.0000 45.9772 2 
11022.5713 840.0000 43.5599 2 
11093.8574 840.0000 41.8019 2 
11165.1426 840.0000 40.2392 2 
11236.4287 840.0000 38.2370 2 
11307.7139 840.0000 36.4302 2 
11361.0000 900.0000 47.1981 0 
10915.0000 900.0000 47.1981 1 
11004.2002 900.0000 40.9229 2 
11093.4004 900.0000 43.0228 2 
11182.5996 900.0000 46.5144 2 
11271.7998 900.0000 47.1981 2 
7265.0000 900.0000 65.3399 0 
6862.0000 900.0000 67.2200 1 
6962.7500 900.0000 65.8771 2 
7063.5000 900.0000 66.0724 2 
7164.2500 900.0000 66.7561 2 
6110.0000 900.0000 63.4109 0 
5643.0000 900.0000 62.5808 1 
5759.7500 900.0000 63.2644 2 
5876.5000 900.0000 62.7029 2 
5993.2500 900.0000 62.4099 2 
2170.0000 900.0000 34.4768 0 
1402.0000 900.0000 20.4370 1 
1511.7142 900.0000 32.6944 2 
1621.4286 900.0000 30.7654 2 
1731.1428 900.0000 28.3481 2 
1840.8572 900.0000 26.7122 2 
1950.5714 900.0000 24.3926 2 
2060.2856 900.0000 22.2683 2 
1530.0000 960.0000 25.7111 0 
2029.0000 960.0000 28.2505 1 
1629.8000 960.0000 27.4447 2 
1729.6000 960.0000 29.6667 2 
1829.4000 960.0000 31.7665 2 
1929.2000 960.0000 34.5989 2 
5650.0000 960.0000 60.9937 0 
6021.0000 960.0000 34.5745 1 
5742.7500 960.0000 61.3599 2 
5835.5000 960.0000 62.0192 2 
5928.2500 960.0000 62.4099 2 
6841.0000 960.0000 65.0469 0 
7221.0000 960.0000 64.7783 1 
6936.0000 960.0000 64.5341 2 
7031.0000 960.0000 65.3643 2 
7126.0000 960.0000 64.7783 2 
10731.0000 960.0000 26.4680 0 
11231.0000 960.0000 40.7031 1 
10831.0000 960.0000 42.1682 2 
10931.0000 960.0000 41.5577 2 
11031.0000 960.0000 42.5100 2 
11131.0000 960.0000 40.7031 2 
11158.0000 1020.0000 42.8274 0 
10907.0000 1020.0000 41.3380 1 
11032.5000 1020.0000 43.8529 2 
7247.0000 1020.0000 65.0469 0 
6990.0000 1020.0000 65.0469 1 
7075.6665 1020.0000 63.6307 2 
7161.3335 1020.0000 65.0225 2 
6008.0000 1020.0000 61.2378 0 
5711.0000 1020.0000 58.1613 1 
5785.2500 1020.0000 61.4820 2 
5859.5000 1020.0000 60.6274 2 
5933.7500 1020.0000 60.5053 2 
2148.0000 1020.0000 31.4247 0 
1780.0000 1020.0000 27.8842 1 
1872.0000 1020.0000 33.0118 2 
1964.0000 1020.0000 30.3015 2 
2056.0000 1020.0000 27.8842 2 
1752.0000 1080.0000 23.4403 0 
1898.0000 1080.0000 23.4403 1 
1800.6666 1080.0000 32.7432 2 
1849.3334 1080.0000 33.3780 2 
5624.0000 1080.0000 60.3832 0 
5971.0000 1080.0000 60.3832 1 
5739.6665 1080.0000 59.6751 2 
5855.3335 1080.0000 59.8949 2 
6951.0000 1080.0000 63.1912 0 
7208.0000 1080.0000 63.1912 1 
7036.6665 1080.0000 64.7783 2 
7122.3335 1080.0000 63.4598 2 
10843.0000 1080.0000 43.3646 0 
11050.0000 1080.0000 42.1193 1 
10946.5000 1080.0000 43.7308 2 
11125.0000 1140.0000 34.0129 0 
10821.0000 1140.0000 34.0129 1 
10973.0000 1140.0000 43.9994 2 
7306.0000 1140.0000 62.0924 0 
6958.0000 1140.0000 61.6285 1 
7074.0000 1140.0000 63.1668 2 
7190.0000 1140.0000 64.0458 2 
5947.0000 1140.0000 59.8217 0 
5649.0000 1140.0000 59.8217 1 
5748.3335 1140.0000 59.4798 2 
5847.6665 1140.0000 59.8217 2 
2194.0000 1140.0000 30.3259 0 
1868.0000 1140.0000 29.8864 1 
1976.6666 1140.0000 31.1805 2 
2085.3333 1140.0000 29.8864 2 
1841.0000 1200.0000 31.9130 0 
2052.0000 1200.0000 29.7643 1 
1946.5000 1200.0000 29.7643 2 
5593.0000 1200.0000 58.2590 0 
5879.0000 1200.0000 58.2590 1 
5688.3335 1200.0000 58.8450 2 
5783.6665 1200.0000 58.2590 2 
6962.0000 1200.0000 63.7284 0 
7231.0000 1200.0000 62.1168 1 
7051.6665 1200.0000 62.8738 2 
7141.3335 1200.0000 62.1168 2 
10803.0000 1200.0000 43.5599 0 
10803.0000 1200.0000 42.9495 1 
10950.0000 1260.0000 36.0883 0 
10812.0000 1260.0000 36.0883 1 
7319.0000 1260.0000 60.7251 0 
7093.0000 1260.0000 63.6551 1 
7168.3335 1260.0000 62.0680 2 
7243.6665 1260.0000 63.6551 2 
5910.0000 1260.0000 55.7440 0 
5670.0000 1260.0000 55.7440 1 
5790.0000 1260.0000 58.1613 2 
2220.0000 1260.0000 29.5934 0 
1950.0000 1260.0000 31.1073 1 
2085.0000 1260.0000 31.1073 2 
1933.0000 1320.0000 30.5945 0 
2099.0000 1320.0000 30.5945 1 
2016.0000 1320.0000 30.5945 2 
5641.0000 1320.0000 57.1114 0 
5861.0000 1320.0000 57.1114 1 
5714.3335 1320.0000 57.7462 2 
5787.6665 1320.0000 57.1114 2 
7022.0000 1320.0000 59.8705 0 
7251.0000 1320.0000 59.8705 1 
7098.3335 1320.0000 61.6773 2 
7174.6665 1320.0000 59.8705 2 
10704.0000 1320.0000 40.4590 0 
10931.0000 1320.0000 43.7797 1 
10817.5000 1320.0000 43.7797 2 
10852.0000 1380.0000 43.7553 0 
10747.0000 1380.0000 43.7553 1 
7368.0000 1380.0000 64.8516 0 
7098.0000 1380.0000 64.8516 1 
7233.0000 1380.0000 64.8516 2 
5898.0000 1380.0000 57.6485 0 
5609.0000 1380.0000 53.7174 1 
5753.5000 1380.0000 57.5997 2 
2248.0000 1380.0000 30.9852 0 
2060.0000 1380.0000 31.7421 1 
2061.0000 1440.0000 31.4491 0 
2252.0000 1440.0000 23.7089 1 
5470.0000 1440.0000 55.9638 0 
5757.0000 1440.0000 55.9638 1 
5565.6665 1440.0000 56.3544 2 
5661.3335 1440.0000 55.9638 2 
7151.0000 1440.0000 66.0968 0 
7369.0000 1440.0000 56.5009 1 
7260.0000 1440.0000 61.4332 2 
10631.0000 1440.0000 43.5355 0 
10749.0000 1440.0000 44.3169 1 
10760.0000 1500.0000 44.6099 0 
10584.0000 1500.0000 41.8019 1 
10672.0000 1500.0000 41.8019 2 
7493.0000 1500.0000 53.6930 0 
7252.0000 1500.0000 64.4609 1 
7332.3335 1500.0000 59.9926 2 
7412.6665 1500.0000 64.4609 2 
5850.0000 1500.0000 43.6088 0 
5484.0000 1500.0000 43.6088 1 
5606.0000 1500.0000 56.2323 2 
5728.0000 1500.0000 43.6088 2 
2320.0000 1500.0000 31.6688 0 
2134.0000 1500.0000 32.9630 1 
2155.0000 1560.0000 25.6378 0 
2343.0000 1560.0000 25.6378 1 
5476.0000 1560.0000 39.4090 0 
5773.0000 1560.0000 39.4090 1 
5575.0000 1560.0000 56.2323 2 
5674.0000 1560.0000 56.7207 2 
7234.0000 1560.0000 39.7509 0 
7534.0000 1560.0000 39.7509 1 
7334.0000 1560.0000 59.2601 2 
7434.0000 1560.0000 53.1802 2 
10535.0000 1560.0000 40.1660 0 
10672.0000 1560.0000 45.5377 1 
10603.5000 1560.0000 45.5377 2 
10669.0000 1620.0000 44.7564 0 
10343.0000 1620.0000 33.2804 1 
10451.6670 1620.0000 38.9451 2 
10560.3330 1620.0000 33.2804 2 
7580.0000 1620.0000 63.7284 0 
7234.0000 1620.0000 63.7284 1 
7349.3335 1620.0000 58.5031 2 
7464.6665 1620.0000 63.7284 2 
5739.0000 1620.0000 38.2126 0 
5393.0000 1620.0000 38.2126 1 
5508.3335 1620.0000 55.9149 2 
5623.6665 1620.0000 52.3500 2 
2519.0000 1620.0000 28.9586 0 
2232.0000 1620.0000 32.6699 1 
2375.5000 1620.0000 32.6699 2 
2325.0000 1680.0000 33.7687 0 
2582.0000 1680.0000 23.9531 1 
2453.5000 1680.0000 28.9341 2 
5174.0000 1680.0000 38.7986 0 
5580.0000 1680.0000 57.5753 1 
5275.5000 1680.0000 52.4477 2 
5377.0000 1680.0000 53.9372 2 
5478.5000 1680.0000 57.5753 2 
7354.0000 1680.0000 59.8217 0 
7712.0000 1680.0000 40.7031 1 
7473.3335 1680.0000 57.1114 2 
7592.6665 1680.0000 50.2746 2 
10184.0000 1680.0000 35.7221 0 
10473.0000 1680.0000 46.3923 1 
10280.3330 1680.0000 43.9262 2 
10376.6670 1680.0000 46.3923 2 
10511.0000 1740.0000 34.3791 0 
10061.0000 1740.0000 34.3791 1 
10173.5000 1740.0000 44.1459 2 
10286.0000 1740.0000 37.3092 2 
10398.5000 1740.0000 34.3791 2 
7810.0000 1740.0000 55.2313 0 
7390.0000 1740.0000 55.2313 1 
7474.0000 1740.0000 49.0293 2 
7558.0000 1740.0000 57.1846 2 
7642.0000 1740.0000 59.9437 2 
7726.0000 1740.0000 55.2313 2 
5540.0000 1740.0000 35.5756 0 
5120.0000 1740.0000 35.5756 1 
5204.0000 1740.0000 53.1314 2 
5288.0000 1740.0000 52.0326 2 
5372.0000 1740.0000 39.2381 2 
5456.0000 1740.0000 35.5756 2 
2799.0000 1740.0000 24.4414 0 
2433.0000 1740.0000 35.0872 1 
2555.0000 1740.0000 28.9830 2 
2677.0000 1740.0000 33.8664 2 
2480.0000 1800.0000 25.2960 0 
2747.0000 1800.0000 25.2960 1 
2569.0000 1800.0000 33.2315 2 
2658.0000 1800.0000 27.7133 2 
4970.0000 1800.0000 54.8650 0 
5378.0000 1800.0000 54.8650 1 
5051.6001 1800.0000 39.4090 2 
5133.2002 1800.0000 48.3212 2 
5214.7998 1800.0000 51.9838 2 
5296.3999 1800.0000 54.8650 2 
7520.0000 1800.0000 43.1937 0 
7821.0000 1800.0000 43.1937 1 
7595.2500 1800.0000 58.5520 2 
7670.5000 1800.0000 55.8173 2 
7745.7500 1800.0000 47.1004 2 
9960.0000 1800.0000 35.5756 0 
10440.0000 1800.0000 45.9284 1 
10056.0000 1800.0000 37.6510 2 
10152.0000 1800.0000 46.1970 2 
10248.0000 1800.0000 47.2713 2 
10344.0000 1800.0000 47.7841 2 
10339.0000 1860.0000 33.5734 0 
9778.0000 1860.0000 33.5734 1 
9871.5000 1860.0000 48.3212 2 
9965.0000 1860.0000 47.4911 2 
10058.5000 1860.0000 44.6587 2 
10152.0000 1860.0000 38.8230 2 
10245.5000 1860.0000 36.6987 2 
8167.0000 1860.0000 43.3158 0 
7622.0000 1860.0000 62.7517 1 
7731.0000 1860.0000 46.8318 2 
7840.0000 1860.0000 53.9860 2 
7949.0000 1860.0000 57.5509 2 
8058.0000 1860.0000 62.7517 2 
5438.0000 1860.0000 33.0850 0 
4932.0000 1860.0000 33.0850 1 
5033.2002 1860.0000 51.6175 2 
5134.3999 1860.0000 48.0527 2 
5235.6001 1860.0000 39.9706 2 
5336.7998 1860.0000 37.2603 2 
3018.0000 1860.0000 26.3704 0 
2627.0000 1860.0000 35.1116 1 
2724.7500 1860.0000 28.1772 2 
2822.5000 1860.0000 109.8277 2 
2920.2500 1860.0000 35.3558 2 
2631.0000 1920.0000 36.6499 0 
3111.0000 1920.0000 34.9407 1 
4691.0000 1920.0000 35.1116 0 
5309.0000 1920.0000 53.8883 1 
4794.0000 1920.0000 38.3347 2 
4897.0000 1920.0000 40.9961 2 
5000.0000 1920.0000 47.8573 2 
5103.0000 1920.0000 51.1048 2 
5206.0000 1920.0000 53.8395 2 
7651.0000 1920.0000 42.4123 0 
8178.0000 1920.0000 42.4123 1 
7738.8335 1920.0000 57.8683 2 
7826.6665 1920.0000 54.4743 2 
7914.5000 1920.0000 47.5887 2 
8002.3335 1920.0000 45.0005 2 
8090.1665 1920.0000 42.4123 2 
9612.0000 1920.0000 35.2581 0 
10147.0000 1920.0000 47.4422 1 
9688.4287 1920.0000 38.3347 2 
9764.8574 1920.0000 40.0683 2 
9841.2861 1920.0000 42.6809 2 
9917.7139 1920.0000 47.9794 2 
9994.1426 1920.0000 48.7607 2 
10070.5713 1920.0000 48.8828 2 
10168.0000 1980.0000 47.4422 0 
9239.0000 1980.0000 35.7709 1 
9323.4541 1980.0000 50.2258 2 
9407.9092 1980.0000 49.4933 2 
9492.3633 1980.0000 48.4433 2 
9576.8184 1980.0000 49.2247 2 
9661.2725 1980.0000 42.1682 2 
9745.7275 1980.0000 40.7031 2 
9830.1816 1980.0000 39.7020 2 
9914.6367 1980.0000 37.7487 2 
9999.0908 1980.0000 37.6266 2 
10083.5459 1980.0000 35.7709 2 
8608.0000 1980.0000 41.2403 0 
7862.0000 1980.0000 53.1802 1 
7944.8887 1980.0000 43.1693 2 
8027.7778 1980.0000 45.0005 2 
8110.6665 1980.0000 46.6365 2 
8193.5557 1980.0000 49.6153 2 
8276.4443 1980.0000 54.9627 2 
8359.3330 1980.0000 58.5275 2 
8442.2227 1980.0000 63.3621 2 
8525.1113 1980.0000 53.1802 2 
5199.0000 1980.0000 55.3045 0 
4542.0000 1980.0000 30.0329 1 
4624.1250 1980.0000 51.5931 2 
4706.2500 1980.0000 49.9816 2 
4788.3750 1980.0000 45.4889 2 
4870.5000 1980.0000 40.8741 2 
4952.6250 1980.0000 38.0661 2 
5034.7500 1980.0000 33.8908 2 
5116.8750 1980.0000 30.0329 2 
3388.0000 1980.0000 27.8354 0 
2740.0000 1980.0000 30.9363 1 
3064.0000 1980.0000 28.5923 2 
2891.0000 2040.0000 52.9361 0 
5102.0000 2040.0000 36.8941 1 
3628.0000 2040.0000 38.8963 2 
4365.0000 2040.0000 36.8941 2 
7952.0000 2040.0000 61.4820 0 
9904.0000 2040.0000 47.2713 1 
8060.4443 2040.0000 62.5075 2 
8168.8887 2040.0000 58.6008 2 
8277.3330 2040.0000 54.8650 2 
8385.7773 2040.0000 51.3001 2 
8494.2227 2040.0000 48.4189 2 
8602.6670 2040.0000 48.2236 2 
8711.1113 2040.0000 46.2946 2 
8819.5557 2040.0000 44.5854 2 
8928.0000 2040.0000 43.6576 2 
9036.4443 2040.0000 43.2181 2 
9144.8887 2040.0000 42.8763 2 
9253.3330 2040.0000 42.5832 2 
9361.7773 2040.0000 42.1682 2 
9470.2227 2040.0000 42.4856 2 
9578.6670 2040.0000 42.6565 2 
9687.1113 2040.0000 43.0228 2 
9795.5557 2040.0000 43.8529 2 
9590.0000 2100.0000 48.4433 0 
8461.0000 2100.0000 51.5687 1 
8547.8457 2100.0000 50.1037 2 
8634.6924 2100.0000 52.6431 2 
8721.5381 2100.0000 54.2790 2 
8808.3848 2100.0000 55.7196 2 
8895.2305 2100.0000 55.8661 2 
8982.0771 2100.0000 56.3300 2 
9068.9229 2100.0000 57.1358 2 
9155.7695 2100.0000 57.6241 2 
9242.6152 2100.0000 57.6485 2 
9329.4619 2100.0000 56.9893 2 
9416.3076 2100.0000 56.2812 2 
9503.1543 2100.0000 52.3256 2 
4708.0000 2100.0000 47.6132 0 
3169.0000 2100.0000 31.3270 1 
3250.0000 2100.0000 51.1048 2 
3331.0000 2100.0000 49.3956 2 
3412.0000 2100.0000 47.7108 2 
3493.0000 2100.0000 45.2203 2 
3574.0000 2100.0000 43.7553 2 
3655.0000 2100.0000 59.4798 2 
3736.0000 2100.0000 58.7473 2 
3817.0000 2100.0000 57.8195 2 
3898.0000 2100.0000 57.1358 2 
3979.0000 2100.0000 56.9649 2 
4060.0000 2100.0000 57.0869 2 
4141.0000 2100.0000 54.4255 2 
4222.0000 2100.0000 39.3114 2 
4303.0000 2100.0000 40.1660 2 
4384.0000 2100.0000 42.2902 2 
4465.0000 2100.0000 42.7298 2 
4546.0000 2100.0000 34.7942 2 
4627.0000 2100.0000 31.3270 2 
